0	1	1
0.01	1.00995	0.98995
0.02	1.0198	0.979801
0.03	1.02955	0.969555
0.04	1.03919	0.959211
0.05	1.04873	0.948771
0.06	1.05816	0.938237
0.07	1.06749	0.927608
0.08	1.07672	0.916887
0.09	1.08583	0.906074
0.1	1.09484	0.895171
0.11	1.10373	0.884178
0.12	1.11252	0.873096
0.13	1.1212	0.861928
0.14	1.12976	0.850673
0.15	1.13821	0.839333
0.16	1.14655	0.827909
0.17	1.15477	0.816402
0.18	1.16287	0.804814
0.19	1.17086	0.793145
0.2	1.17874	0.781397
0.21	1.18649	0.769571
0.22	1.19413	0.757668
0.23	1.20164	0.745689
0.24	1.20904	0.733635
0.25	1.21632	0.721508
0.26	1.22347	0.709309
0.27	1.2305	0.697039
0.28	1.23741	0.6847
0.29	1.2442	0.672292
0.3	1.25086	0.659816
0.31	1.25739	0.647275
0.32	1.2638	0.634669
0.33	1.27009	0.621999
0.34	1.27624	0.609268
0.35	1.28227	0.596475
0.36	1.28817	0.583623
0.37	1.29394	0.570712
0.38	1.29959	0.557744
0.39	1.3051	0.544721
0.4	1.31048	0.531643
0.41	1.31573	0.518511
0.42	1.32085	0.505328
0.43	1.32584	0.492095
0.44	1.33069	0.478812
0.45	1.33541	0.465482
0.46	1.34	0.452104
0.47	1.34445	0.438682
0.48	1.34877	0.425216
0.49	1.35296	0.411707
0.5	1.35701	0.398157
0.51	1.36092	0.384567
0.52	1.3647	0.370939
0.53	1.36834	0.357274
0.54	1.37184	0.343573
0.55	1.37521	0.329837
0.56	1.37844	0.316069
0.57	1.38153	0.302269
0.58	1.38449	0.288439
0.59	1.3873	0.27458
0.6	1.38998	0.260693
0.61	1.39252	0.246781
0.62	1.39491	0.232843
0.63	1.39717	0.218883
0.64	1.39929	0.2049
0.65	1.40127	0.190897
0.66	1.40311	0.176875
0.67	1.40481	0.162836
0.68	1.40637	0.14878
0.69	1.40778	0.134709
0.7	1.40906	0.120625
0.71	1.4102	0.106528
0.72	1.41119	0.0924211
0.73	1.41204	0.0783048
0.74	1.41276	0.0641806
0.75	1.41333	0.0500501
0.76	1.41376	0.0359146
0.77	1.41405	0.0217754
0.78	1.41419	0.00763412
0.79	1.4142	-0.00650796
0.8	1.41406	-0.0206494
0.81	1.41379	-0.0347887
0.82	1.41337	-0.0489246
0.83	1.41281	-0.0630556
0.84	1.41211	-0.0771803
0.85	1.41126	-0.0912973
0.86	1.41028	-0.105405
0.87	1.40916	-0.119502
0.88	1.40789	-0.133588
0.89	1.40648	-0.14766
0.9	1.40494	-0.161717
0.91	1.40325	-0.175758
0.92	1.40142	-0.189781
0.93	1.39945	-0.203786
0.94	1.39735	-0.21777
0.95	1.3951	-0.231732
0.96	1.39271	-0.245672
0.97	1.39019	-0.259586
0.98	1.38752	-0.273475
0.99	1.38472	-0.287336
1	1.38177	-0.301169
1.01	1.37869	-0.314971
1.02	1.37547	-0.328742
1.03	1.37212	-0.34248
1.04	1.36862	-0.356184
1.05	1.36499	-0.369852
1.06	1.36123	-0.383483
1.07	1.35732	-0.397076
1.08	1.35329	-0.410629
1.09	1.34911	-0.424142
1.1	1.3448	-0.437611
1.11	1.34036	-0.451037
1.12	1.33578	-0.464418
1.13	1.33107	-0.477752
1.14	1.32623	-0.491039
1.15	1.32125	-0.504276
1.16	1.31614	-0.517464
1.17	1.3109	-0.530599
1.18	1.30553	-0.543681
1.19	1.30003	-0.556709
1.2	1.2944	-0.569681
1.21	1.28864	-0.582597
1.22	1.28275	-0.595454
1.23	1.27673	-0.608251
1.24	1.27058	-0.620988
1.25	1.26431	-0.633662
1.26	1.25791	-0.646273
1.27	1.25138	-0.65882
1.28	1.24473	-0.671301
1.29	1.23796	-0.683714
1.3	1.23106	-0.696059
1.31	1.22403	-0.708335
1.32	1.21689	-0.72054
1.33	1.20962	-0.732672
1.34	1.20224	-0.744732
1.35	1.19473	-0.756717
1.36	1.1871	-0.768626
1.37	1.17936	-0.780458
1.38	1.17149	-0.792213
1.39	1.16351	-0.803888
1.4	1.15542	-0.815483
1.41	1.1472	-0.826996
1.42	1.13888	-0.838426
1.43	1.13044	-0.849773
1.44	1.12188	-0.861035
1.45	1.11322	-0.87221
1.46	1.10444	-0.883299
1.47	1.09555	-0.894299
1.48	1.08655	-0.905209
1.49	1.07745	-0.916029
1.5	1.06823	-0.926758
1.51	1.05891	-0.937394
1.52	1.04948	-0.947936
1.53	1.03995	-0.958383
1.54	1.03032	-0.968734
1.55	1.02058	-0.978989
1.56	1.01074	-0.989146
1.57	1.0008	-0.999203
1.58	0.990754	-1.00916
1.59	0.980613	-1.01902
1.6	0.970374	-1.02877
1.61	0.960038	-1.03843
1.62	0.949606	-1.04797
1.63	0.939079	-1.05742
1.64	0.928458	-1.06675
1.65	0.917744	-1.07599
1.66	0.906939	-1.08511
1.67	0.896042	-1.09412
1.68	0.885056	-1.10303
1.69	0.873982	-1.11183
1.7	0.86282	-1.12051
1.71	0.851572	-1.12908
1.72	0.840239	-1.13754
1.73	0.828822	-1.14589
1.74	0.817322	-1.15412
1.75	0.80574	-1.16223
1.76	0.794077	-1.17023
1.77	0.782336	-1.17811
1.78	0.770516	-1.18588
1.79	0.758619	-1.19352
1.8	0.746646	-1.20105
1.81	0.734598	-1.20846
1.82	0.722477	-1.21574
1.83	0.710283	-1.22291
1.84	0.698019	-1.22995
1.85	0.685685	-1.23687
1.86	0.673282	-1.24366
1.87	0.660812	-1.25033
1.88	0.648276	-1.25688
1.89	0.635675	-1.2633
1.9	0.623011	-1.26959
1.91	0.610284	-1.27576
1.92	0.597496	-1.2818
1.93	0.584648	-1.28771
1.94	0.571742	-1.29349
1.95	0.558779	-1.29914
1.96	0.54576	-1.30466
1.97	0.532686	-1.31006
1.98	0.519559	-1.31532
1.99	0.50638	-1.32045
2	0.493151	-1.32544
2.01	0.479872	-1.33031
2.02	0.466545	-1.33504
2.03	0.453171	-1.33964
2.04	0.439752	-1.3441
2.05	0.42629	-1.34844
2.06	0.412784	-1.35263
2.07	0.399238	-1.35669
2.08	0.385651	-1.36062
2.09	0.372026	-1.3644
2.1	0.358363	-1.36806
2.11	0.344665	-1.37157
2.12	0.330932	-1.37495
2.13	0.317167	-1.37819
2.14	0.303369	-1.38129
2.15	0.289541	-1.38426
2.16	0.275684	-1.38708
2.17	0.2618	-1.38977
2.18	0.247889	-1.39232
2.19	0.233954	-1.39473
2.2	0.219995	-1.397
2.21	0.206015	-1.39913
2.22	0.192013	-1.40112
2.23	0.177993	-1.40297
2.24	0.163954	-1.40468
2.25	0.1499	-1.40625
2.26	0.13583	-1.40768
2.27	0.121747	-1.40896
2.28	0.107651	-1.41011
2.29	0.0935448	-1.41112
2.3	0.0794292	-1.41198
2.31	0.0653056	-1.4127
2.32	0.0511756	-1.41329
2.33	0.0370404	-1.41373
2.34	0.0229015	-1.41403
2.35	0.00876028	-1.41419
2.36	-0.00538179	-1.4142
2.37	-0.0195233	-1.41408
2.38	-0.0336629	-1.41381
2.39	-0.0477991	-1.41341
2.4	-0.0619305	-1.41286
2.41	-0.0760558	-1.41217
2.42	-0.0901734	-1.41134
2.43	-0.104282	-1.41036
2.44	-0.11838	-1.40925
2.45	-0.132467	-1.408
2.46	-0.14654	-1.4066
2.47	-0.160598	-1.40507
2.48	-0.17464	-1.40339
2.49	-0.188665	-1.40157
2.5	-0.202671	-1.39962
2.51	-0.216657	-1.39752
2.52	-0.230621	-1.39528
2.53	-0.244562	-1.39291
2.54	-0.258479	-1.39039
2.55	-0.27237	-1.38774
2.56	-0.286233	-1.38494
2.57	-0.300068	-1.38201
2.58	-0.313873	-1.37894
2.59	-0.327647	-1.37574
2.6	-0.341387	-1.37239
2.61	-0.355094	-1.36891
2.62	-0.368765	-1.36529
2.63	-0.382399	-1.36153
2.64	-0.395995	-1.35764
2.65	-0.409552	-1.35361
2.66	-0.423067	-1.34945
2.67	-0.43654	-1.34515
2.68	-0.44997	-1.34072
2.69	-0.463354	-1.33615
2.7	-0.476692	-1.33145
2.71	-0.489983	-1.32662
2.72	-0.503224	-1.32165
2.73	-0.516415	-1.31655
2.74	-0.529555	-1.31132
2.75	-0.542641	-1.30596
2.76	-0.555674	-1.30047
2.77	-0.56865	-1.29485
2.78	-0.58157	-1.2891
2.79	-0.594432	-1.28322
2.8	-0.607234	-1.27721
2.81	-0.619976	-1.27107
2.82	-0.632655	-1.26481
2.83	-0.645272	-1.25842
2.84	-0.657823	-1.25191
2.85	-0.670309	-1.24527
2.86	-0.682728	-1.2385
2.87	-0.695079	-1.23161
2.88	-0.70736	-1.2246
2.89	-0.71957	-1.21746
2.9	-0.731709	-1.21021
2.91	-0.743774	-1.20283
2.92	-0.755765	-1.19533
2.93	-0.76768	-1.18771
2.94	-0.779519	-1.17998
2.95	-0.79128	-1.17212
2.96	-0.802961	-1.16415
2.97	-0.814562	-1.15607
2.98	-0.826082	-1.14786
2.99	-0.837519	-1.13954
3	-0.848872	-1.13111
3.01	-0.860141	-1.12257
3.02	-0.871323	-1.11391
3.03	-0.882419	-1.10514
3.04	-0.893426	-1.09626
3.05	-0.904344	-1.08727
3.06	-0.915171	-1.07818
3.07	-0.925907	-1.06897
3.08	-0.93655	-1.05966
3.09	-0.9471	-1.05024
3.1	-0.957554	-1.04072
3.11	-0.967914	-1.03109
3.12	-0.978176	-1.02136
3.13	-0.98834	-1.01153
3.14	-0.998406	-1.00159
3.15	-1.00837	-0.991557
3.16	-1.01824	-0.981424
3.17	-1.028	-0.971193
3.18	-1.03766	-0.960865
3.19	-1.04722	-0.95044
3.2	-1.05667	-0.939921
3.21	-1.06602	-0.929307
3.22	-1.07525	-0.918601
3.23	-1.08439	-0.907802
3.24	-1.09341	-0.896913
3.25	-1.10232	-0.885935
3.26	-1.11113	-0.874867
3.27	-1.11982	-0.863712
3.28	-1.1284	-0.852471
3.29	-1.13687	-0.841145
3.3	-1.14523	-0.829734
3.31	-1.15347	-0.818241
3.32	-1.16159	-0.806665
3.33	-1.1696	-0.795009
3.34	-1.17749	-0.783274
3.35	-1.18526	-0.77146
3.36	-1.19292	-0.759569
3.37	-1.20045	-0.747602
3.38	-1.20787	-0.73556
3.39	-1.21517	-0.723445
3.4	-1.22234	-0.711257
3.41	-1.22939	-0.698998
3.42	-1.23632	-0.68667
3.43	-1.24312	-0.674272
3.44	-1.2498	-0.661808
3.45	-1.25636	-0.649277
3.46	-1.26279	-0.636681
3.47	-1.26909	-0.624021
3.48	-1.27527	-0.611299
3.49	-1.28132	-0.598516
3.5	-1.28724	-0.585673
3.51	-1.29303	-0.572772
3.52	-1.2987	-0.559813
3.53	-1.30423	-0.546799
3.54	-1.30963	-0.533729
3.55	-1.3149	-0.520606
3.56	-1.32004	-0.507432
3.57	-1.32505	-0.494206
3.58	-1.32993	-0.480931
3.59	-1.33467	-0.467608
3.6	-1.33928	-0.454238
3.61	-1.34375	-0.440823
3.62	-1.3481	-0.427363
3.63	-1.3523	-0.413861
3.64	-1.35637	-0.400318
3.65	-1.36031	-0.386734
3.66	-1.36411	-0.373112
3.67	-1.36777	-0.359453
3.68	-1.3713	-0.345757
3.69	-1.37468	-0.332027
3.7	-1.37794	-0.318264
3.71	-1.38105	-0.304469
3.72	-1.38403	-0.290643
3.73	-1.38686	-0.276789
3.74	-1.38956	-0.262907
3.75	-1.39212	-0.248998
3.76	-1.39454	-0.235065
3.77	-1.39682	-0.221108
3.78	-1.39896	-0.207129
3.79	-1.40096	-0.193129
3.8	-1.40283	-0.17911
3.81	-1.40455	-0.165073
3.82	-1.40613	-0.151019
3.83	-1.40757	-0.136951
3.84	-1.40887	-0.122868
3.85	-1.41002	-0.108774
3.86	-1.41104	-0.0946685
3.87	-1.41192	-0.0805536
3.88	-1.41265	-0.0664306
3.89	-1.41325	-0.052301
3.9	-1.4137	-0.0381661
3.91	-1.41401	-0.0240275
3.92	-1.41418	-0.00988643
3.93	-1.41421	0.00425562
3.94	-1.41409	0.0183972
3.95	-1.41384	0.032537
3.96	-1.41344	0.0466736
3.97	-1.41291	0.0608054
3.98	-1.41223	0.0749312
3.99	-1.41141	0.0890495
4	-1.41045	0.103159
4.01	-1.40934	0.117258
4.02	-1.4081	0.131345
4.03	-1.40672	0.145419
4.04	-1.40519	0.159479
4.05	-1.40353	0.173523
4.06	-1.40172	0.187549
4.07	-1.39978	0.201557
4.08	-1.39769	0.215544
4.09	-1.39547	0.22951
4.1	-1.3931	0.243453
4.11	-1.3906	0.257372
4.12	-1.38795	0.271265
4.13	-1.38517	0.28513
4.14	-1.38225	0.298968
4.15	-1.37919	0.312775
4.16	-1.376	0.326551
4.17	-1.37266	0.340294
4.18	-1.36919	0.354004
4.19	-1.36558	0.367678
4.2	-1.36184	0.381315
4.21	-1.35796	0.394914
4.22	-1.35394	0.408474
4.23	-1.34979	0.421992
4.24	-1.3455	0.435469
4.25	-1.34108	0.448902
4.26	-1.33652	0.46229
4.27	-1.33183	0.475632
4.28	-1.32701	0.488926
4.29	-1.32205	0.502172
4.3	-1.31697	0.515367
4.31	-1.31175	0.52851
4.32	-1.3064	0.541601
4.33	-1.30091	0.554638
4.34	-1.2953	0.567619
4.35	-1.28956	0.580544
4.36	-1.28369	0.59341
4.37	-1.27769	0.606217
4.38	-1.27157	0.618963
4.39	-1.26531	0.631648
4.4	-1.25893	0.644269
4.41	-1.25243	0.656826
4.42	-1.2458	0.669317
4.43	-1.23904	0.681742
4.44	-1.23216	0.694098
4.45	-1.22516	0.706385
4.46	-1.21804	0.718601
4.47	-1.21079	0.730745
4.48	-1.20342	0.742816
4.49	-1.19593	0.754813
4.5	-1.18833	0.766734
4.51	-1.1806	0.778579
4.52	-1.17275	0.790346
4.53	-1.16479	0.802034
4.54	-1.15671	0.813641
4.55	-1.14852	0.825168
4.56	-1.14021	0.836611
4.57	-1.13179	0.847971
4.58	-1.12325	0.859247
4.59	-1.1146	0.870436
4.6	-1.10584	0.881538
4.61	-1.09697	0.892553
4.62	-1.08799	0.903478
4.63	-1.0789	0.914312
4.64	-1.06971	0.925055
4.65	-1.0604	0.935706
4.66	-1.05099	0.946263
4.67	-1.04148	0.956725
4.68	-1.03186	0.967092
4.69	-1.02214	0.977362
4.7	-1.01231	0.987535
4.71	-1.00239	0.997608
4.72	-0.99236	1.00758
4.73	-0.982235	1.01746
4.74	-0.972011	1.02723
4.75	-0.961691	1.03689
4.76	-0.951274	1.04646
4.77	-0.940762	1.05592
4.78	-0.930156	1.06527
4.79	-0.919457	1.07452
4.8	-0.908666	1.08366
4.81	-0.897784	1.0927
4.82	-0.886812	1.10162
4.83	-0.875752	1.11043
4.84	-0.864604	1.11913
4.85	-0.853369	1.12772
4.86	-0.84205	1.1362
4.87	-0.830646	1.14456
4.88	-0.819159	1.15281
4.89	-0.80759	1.16095
4.9	-0.79594	1.16896
4.91	-0.784211	1.17687
4.92	-0.772403	1.18465
4.93	-0.760518	1.19231
4.94	-0.748557	1.19986
4.95	-0.736522	1.20728
4.96	-0.724412	1.21459
4.97	-0.71223	1.22177
4.98	-0.699977	1.22883
4.99	-0.687654	1.23577
5	-0.675262	1.24259
5.01	-0.662803	1.24928
5.02	-0.650277	1.25584
5.03	-0.637686	1.26228
5.04	-0.625032	1.2686
5.05	-0.612315	1.27478
5.06	-0.599537	1.28084
5.07	-0.586698	1.28677
5.08	-0.573801	1.29258
5.09	-0.560847	1.29825
5.1	-0.547837	1.30379
5.11	-0.534772	1.30921
5.12	-0.521653	1.31449
5.13	-0.508483	1.31964
5.14	-0.495261	1.32466
5.15	-0.48199	1.32954
5.16	-0.468671	1.3343
5.17	-0.455304	1.33892
5.18	-0.441893	1.3434
5.19	-0.428437	1.34775
5.2	-0.414938	1.35197
5.21	-0.401398	1.35605
5.22	-0.387817	1.36
5.23	-0.374198	1.36381
5.24	-0.360542	1.36748
5.25	-0.346849	1.37102
5.26	-0.333122	1.37442
5.27	-0.319361	1.37768
5.28	-0.305569	1.38081
5.29	-0.291745	1.38379
5.3	-0.277893	1.38664
5.31	-0.264013	1.38935
5.32	-0.250107	1.39192
5.33	-0.236175	1.39435
5.34	-0.22222	1.39665
5.35	-0.208243	1.3988
5.36	-0.194244	1.40081
5.37	-0.180227	1.40268
5.38	-0.166191	1.40441
5.39	-0.152139	1.40601
5.4	-0.138072	1.40746
5.41	-0.12399	1.40877
5.42	-0.109897	1.40994
5.43	-0.0957921	1.41097
5.44	-0.0816779	1.41185
5.45	-0.0675555	1.4126
5.46	-0.0534264	1.4132
5.47	-0.0392919	1.41367
5.48	-0.0251535	1.41399
5.49	-0.0110126	1.41417
5.5	0.00312945	1.41421
5.51	0.0172712	1.41411
5.52	0.0314111	1.41386
5.53	0.045548	1.41348
5.54	0.0596803	1.41295
5.55	0.0738066	1.41229
5.56	0.0879255	1.41148
5.57	0.102036	1.41053
5.58	0.116136	1.40944
5.59	0.130224	1.40821
5.6	0.144299	1.40683
5.61	0.15836	1.40532
5.62	0.172405	1.40367
5.63	0.186433	1.40187
5.64	0.200442	1.39994
5.65	0.214431	1.39786
5.66	0.228399	1.39565
5.67	0.242344	1.39329
5.68	0.256264	1.3908
5.69	0.270159	1.38817
5.7	0.284027	1.3854
5.71	0.297867	1.38249
5.72	0.311677	1.37944
5.73	0.325455	1.37626
5.74	0.339201	1.37293
5.75	0.352913	1.36947
5.76	0.36659	1.36587
5.77	0.38023	1.36214
5.78	0.393833	1.35827
5.79	0.407395	1.35426
5.8	0.420917	1.35012
5.81	0.434397	1.34585
5.82	0.447834	1.34143
5.83	0.461226	1.33689
5.84	0.474571	1.33221
5.85	0.487869	1.3274
5.86	0.501119	1.32245
5.87	0.514318	1.31738
5.88	0.527466	1.31217
5.89	0.540561	1.30683
5.9	0.553602	1.30136
5.91	0.566587	1.29575
5.92	0.579516	1.29002
5.93	0.592387	1.28416
5.94	0.605199	1.27818
5.95	0.617951	1.27206
5.96	0.63064	1.26582
5.97	0.643266	1.25945
5.98	0.655829	1.25295
5.99	0.668325	1.24633
6	0.680755	1.23959
6.01	0.693116	1.23272
6.02	0.705409	1.22572
6.03	0.71763	1.21861
6.04	0.72978	1.21137
6.05	0.741857	1.20401
6.06	0.75386	1.19653
6.07	0.765788	1.18894
6.08	0.777639	1.18122
6.09	0.789412	1.17338
6.1	0.801106	1.16543
6.11	0.81272	1.15736
6.12	0.824253	1.14918
6.13	0.835703	1.14088
6.14	0.84707	1.13246
6.15	0.858352	1.12394
6.16	0.869548	1.1153
6.17	0.880658	1.10655
6.18	0.891679	1.09768
6.19	0.902611	1.08871
6.2	0.913453	1.07963
6.21	0.924203	1.07044
6.22	0.934861	1.06115
6.23	0.945426	1.05175
6.24	0.955896	1.04224
6.25	0.96627	1.03263
6.26	0.976548	1.02291
6.27	0.986728	1.0131
6.28	0.99681	1.00318
6.29	1.00679	0.993162
6.3	1.01667	0.983045
6.31	1.02645	0.972829
6.32	1.03613	0.962516
6.33	1.0457	0.952107
6.34	1.05517	0.941602
6.35	1.06453	0.931004
6.36	1.07379	0.920312
6.37	1.08294	0.909528
6.38	1.09198	0.898654
6.39	1.10091	0.887689
6.4	1.10973	0.876636
6.41	1.11844	0.865495
6.42	1.12704	0.854267
6.43	1.13553	0.842954
6.44	1.1439	0.831557
6.45	1.15216	0.820077
6.46	1.1603	0.808514
6.47	1.16833	0.796871
6.48	1.17624	0.785148
6.49	1.18403	0.773346
6.5	1.19171	0.761468
6.51	1.19926	0.749513
6.52	1.2067	0.737483
6.53	1.21401	0.725379
6.54	1.2212	0.713203
6.55	1.22828	0.700955
6.56	1.23522	0.688638
6.57	1.24205	0.676251
6.58	1.24875	0.663797
6.59	1.25532	0.651277
6.6	1.26177	0.638691
6.61	1.2681	0.626042
6.62	1.27429	0.61333
6.63	1.28036	0.600556
6.64	1.28631	0.587723
6.65	1.29212	0.574831
6.66	1.2978	0.561881
6.67	1.30336	0.548875
6.68	1.30878	0.535814
6.69	1.31407	0.5227
6.7	1.31923	0.509533
6.71	1.32426	0.496316
6.72	1.32916	0.483048
6.73	1.33392	0.469733
6.74	1.33855	0.45637
6.75	1.34305	0.442962
6.76	1.34741	0.42951
6.77	1.35164	0.416014
6.78	1.35573	0.402477
6.79	1.35969	0.3889
6.8	1.36351	0.375284
6.81	1.3672	0.36163
6.82	1.37074	0.347941
6.83	1.37415	0.334216
6.84	1.37743	0.320458
6.85	1.38056	0.306668
6.86	1.38356	0.292847
6.87	1.38642	0.278997
6.88	1.38914	0.265119
6.89	1.39172	0.251215
6.9	1.39416	0.237285
6.91	1.39647	0.223332
6.92	1.39863	0.209356
6.93	1.40066	0.19536
6.94	1.40254	0.181344
6.95	1.40428	0.16731
6.96	1.40588	0.153259
6.97	1.40735	0.139192
6.98	1.40867	0.125112
6.99	1.40985	0.111019
7	1.41089	0.0969157
7.01	1.41179	0.0828022
7.02	1.41254	0.0686804
7.03	1.41316	0.0545517
7.04	1.41364	0.0404176
7.05	1.41397	0.0262795
7.06	1.41416	0.0121387
7.07	1.41421	-0.00200327
7.08	1.41412	-0.0161451
7.09	1.41389	-0.0302852
7.1	1.41352	-0.0444224
7.11	1.413	-0.0585551
7.12	1.41234	-0.0726819
7.13	1.41155	-0.0868015
7.14	1.41061	-0.100912
7.15	1.40953	-0.115013
7.16	1.40831	-0.129103
7.17	1.40695	-0.143179
7.18	1.40544	-0.157241
7.19	1.4038	-0.171287
7.2	1.40202	-0.185317
7.21	1.4001	-0.199327
7.22	1.39803	-0.213318
7.23	1.39583	-0.227287
7.24	1.39349	-0.241234
7.25	1.39101	-0.255157
7.26	1.38838	-0.269054
7.27	1.38562	-0.282924
7.28	1.38273	-0.296766
7.29	1.37969	-0.310578
7.3	1.37651	-0.324359
7.31	1.3732	-0.338108
7.32	1.36975	-0.351823
7.33	1.36617	-0.365502
7.34	1.36244	-0.379146
7.35	1.35858	-0.392751
7.36	1.35459	-0.406317
7.37	1.35046	-0.419842
7.38	1.34619	-0.433325
7.39	1.34179	-0.446765
7.4	1.33726	-0.460161
7.41	1.33259	-0.47351
7.42	1.32779	-0.486812
7.43	1.32285	-0.500065
7.44	1.31778	-0.513269
7.45	1.31259	-0.526421
7.46	1.30726	-0.53952
7.47	1.3018	-0.552565
7.48	1.2962	-0.565555
7.49	1.29048	-0.578489
7.5	1.28464	-0.591365
7.51	1.27866	-0.604181
7.52	1.27255	-0.616937
7.53	1.26632	-0.629632
7.54	1.25996	-0.642263
7.55	1.25347	-0.654831
7.56	1.24686	-0.667332
7.57	1.24013	-0.679767
7.58	1.23327	-0.692135
7.59	1.22629	-0.704432
7.6	1.21918	-0.71666
7.61	1.21195	-0.728816
7.62	1.2046	-0.740898
7.63	1.19713	-0.752907
7.64	1.18955	-0.764841
7.65	1.18184	-0.776698
7.66	1.17401	-0.788477
7.67	1.16607	-0.800178
7.68	1.15801	-0.811798
7.69	1.14983	-0.823337
7.7	1.14154	-0.834794
7.71	1.13314	-0.846168
7.72	1.12462	-0.857457
7.73	1.11599	-0.86866
7.74	1.10725	-0.879776
7.75	1.09839	-0.890804
7.76	1.08943	-0.901744
7.77	1.08036	-0.912593
7.78	1.07118	-0.92335
7.79	1.06189	-0.934016
7.8	1.0525	-0.944588
7.81	1.043	-0.955066
7.82	1.0334	-0.965448
7.83	1.02369	-0.975733
7.84	1.01388	-0.985921
7.85	1.00397	-0.99601
7.86	0.993964	-1.006
7.87	0.983854	-1.01589
7.88	0.973646	-1.02568
7.89	0.963341	-1.03536
7.9	0.952939	-1.04494
7.91	0.942442	-1.05442
7.92	0.931851	-1.06379
7.93	0.921167	-1.07306
7.94	0.91039	-1.08222
7.95	0.899523	-1.09126
7.96	0.888565	-1.10021
7.97	0.877519	-1.10904
7.98	0.866385	-1.11776
7.99	0.855164	-1.12636
8	0.843858	-1.13486
8.01	0.832468	-1.14324
8.02	0.820994	-1.15151
8.03	0.809438	-1.15966
8.04	0.797801	-1.1677
8.05	0.786084	-1.17562
8.06	0.774289	-1.18342
8.07	0.762416	-1.1911
8.08	0.750467	-1.19867
8.09	0.738443	-1.20611
8.1	0.726346	-1.21343
8.11	0.714175	-1.22064
8.12	0.701933	-1.22772
8.13	0.689621	-1.23468
8.14	0.67724	-1.24151
8.15	0.664791	-1.24822
8.16	0.652276	-1.25481
8.17	0.639696	-1.26126
8.18	0.627051	-1.2676
8.19	0.614344	-1.27381
8.2	0.601576	-1.27989
8.21	0.588747	-1.28584
8.22	0.575859	-1.29166
8.23	0.562914	-1.29735
8.24	0.549913	-1.30292
8.25	0.536856	-1.30835
8.26	0.523746	-1.31366
8.27	0.510584	-1.31883
8.28	0.49737	-1.32387
8.29	0.484107	-1.32877
8.3	0.470795	-1.33355
8.31	0.457436	-1.33819
8.32	0.444032	-1.3427
8.33	0.430583	-1.34707
8.34	0.417091	-1.35131
8.35	0.403557	-1.35541
8.36	0.389983	-1.35938
8.37	0.37637	-1.36321
8.38	0.362719	-1.36691
8.39	0.349032	-1.37047
8.4	0.33531	-1.37389
8.41	0.321555	-1.37717
8.42	0.307767	-1.38032
8.43	0.293949	-1.38333
8.44	0.280101	-1.3862
8.45	0.266225	-1.38893
8.46	0.252323	-1.39152
8.47	0.238395	-1.39398
8.48	0.224444	-1.39629
8.49	0.21047	-1.39846
8.5	0.196475	-1.4005
8.51	0.182461	-1.40239
8.52	0.168428	-1.40415
8.53	0.154378	-1.40576
8.54	0.140313	-1.40724
8.55	0.126234	-1.40857
8.56	0.112142	-1.40976
8.57	0.0980392	-1.41081
8.58	0.0839264	-1.41172
8.59	0.0698052	-1.41249
8.6	0.0556771	-1.41312
8.61	0.0415433	-1.4136
8.62	0.0274055	-1.41395
8.63	0.0132648	-1.41415
8.64	-0.000877098	-1.41421
8.65	-0.015019	-1.41413
8.66	-0.0291593	-1.41391
8.67	-0.0432967	-1.41355
8.68	-0.0574298	-1.41305
8.69	-0.0715572	-1.4124
8.7	-0.0856774	-1.41162
8.71	-0.0997891	-1.41069
8.72	-0.113891	-1.40962
8.73	-0.127981	-1.40841
8.74	-0.142058	-1.40706
8.75	-0.156122	-1.40557
8.76	-0.170169	-1.40394
8.77	-0.1842	-1.40217
8.78	-0.198212	-1.40025
8.79	-0.212205	-1.3982
8.8	-0.226176	-1.39601
8.81	-0.240124	-1.39368
8.82	-0.254049	-1.39121
8.83	-0.267948	-1.3886
8.84	-0.28182	-1.38585
8.85	-0.295665	-1.38296
8.86	-0.309479	-1.37994
8.87	-0.323263	-1.37677
8.88	-0.337014	-1.37347
8.89	-0.350732	-1.37003
8.9	-0.364414	-1.36646
8.91	-0.37806	-1.36274
8.92	-0.391669	-1.35889
8.93	-0.405238	-1.35491
8.94	-0.418767	-1.35079
8.95	-0.432253	-1.34654
8.96	-0.445697	-1.34215
8.97	-0.459096	-1.33762
8.98	-0.472449	-1.33296
8.99	-0.485755	-1.32817
9	-0.499012	-1.32325
9.01	-0.512219	-1.31819
9.02	-0.525375	-1.313
9.03	-0.538479	-1.30769
9.04	-0.551528	-1.30224
9.05	-0.564523	-1.29665
9.06	-0.577461	-1.29094
9.07	-0.590341	-1.28511
9.08	-0.603163	-1.27914
9.09	-0.615924	-1.27304
9.1	-0.628623	-1.26682
9.11	-0.64126	-1.26047
9.12	-0.653832	-1.25399
9.13	-0.666339	-1.24739
9.14	-0.67878	-1.24067
9.15	-0.691152	-1.23382
9.16	-0.703456	-1.22685
9.17	-0.715689	-1.21975
9.18	-0.72785	-1.21253
9.19	-0.739939	-1.20519
9.2	-0.751954	-1.19773
9.21	-0.763893	-1.19015
9.22	-0.775756	-1.18246
9.23	-0.787542	-1.17464
9.24	-0.799249	-1.16671
9.25	-0.810876	-1.15865
9.26	-0.822421	-1.15049
9.27	-0.833885	-1.14221
9.28	-0.845265	-1.13381
9.29	-0.856561	-1.1253
9.3	-0.867771	-1.11668
9.31	-0.878894	-1.10795
9.32	-0.889929	-1.0991
9.33	-0.900876	-1.09015
9.34	-0.911732	-1.08108
9.35	-0.922497	-1.07191
9.36	-0.93317	-1.06264
9.37	-0.943749	-1.05325
9.38	-0.954235	-1.04376
9.39	-0.964624	-1.03417
9.4	-0.974918	-1.02447
9.41	-0.985113	-1.01467
9.42	-0.995211	-1.00477
9.43	-1.00521	-0.994764
9.44	-1.01511	-0.984663
9.45	-1.0249	-0.974463
9.46	-1.03459	-0.964165
9.47	-1.04418	-0.953771
9.48	-1.05367	-0.943282
9.49	-1.06305	-0.932698
9.5	-1.07232	-0.922021
9.51	-1.08149	-0.911252
9.52	-1.09055	-0.900392
9.53	-1.0995	-0.889441
9.54	-1.10834	-0.878402
9.55	-1.11706	-0.867275
9.56	-1.12568	-0.856061
9.57	-1.13419	-0.844762
9.58	-1.14258	-0.833378
9.59	-1.15085	-0.821911
9.6	-1.15901	-0.810361
9.61	-1.16706	-0.798731
9.62	-1.17499	-0.78702
9.63	-1.1828	-0.775231
9.64	-1.19049	-0.763365
9.65	-1.19807	-0.751422
9.66	-1.20552	-0.739404
9.67	-1.21286	-0.727312
9.68	-1.22007	-0.715147
9.69	-1.22716	-0.702911
9.7	-1.23413	-0.690604
9.71	-1.24097	-0.678229
9.72	-1.24769	-0.665785
9.73	-1.25429	-0.653275
9.74	-1.26076	-0.6407
9.75	-1.2671	-0.628061
9.76	-1.27332	-0.615358
9.77	-1.27941	-0.602595
9.78	-1.28537	-0.589771
9.79	-1.2912	-0.576888
9.8	-1.29691	-0.563947
9.81	-1.30248	-0.55095
9.82	-1.30792	-0.537898
9.83	-1.31324	-0.524792
9.84	-1.31842	-0.511634
9.85	-1.32347	-0.498424
9.86	-1.32839	-0.485165
9.87	-1.33317	-0.471857
9.88	-1.33783	-0.458502
9.89	-1.34234	-0.445101
9.9	-1.34673	-0.431655
9.91	-1.35098	-0.418167
9.92	-1.35509	-0.404636
9.93	-1.35907	-0.391065
9.94	-1.36291	-0.377455
9.95	-1.36662	-0.363808
9.96	-1.37019	-0.350123
9.97	-1.37362	-0.336404
9.98	-1.37692	-0.322651
9.99	-1.38007	-0.308866
10	-1.38309	-0.29505
